[LEFT_CAM_2K]
fx=1059.83
fy=1060.07
cx=1083.06
cy=618.014
k1=-0.0506197
k2=0.0220633
p1=-0.000654499
p2=0.000524888
k3=-0.00893553

[RIGHT_CAM_2K]
fx=1065.19
fy=1065.79
cx=1111.96
cy=636.787
k1=-0.0512127
k2=0.0218638
p1=-0.000317253
p2=6.27145e-05
k3=-0.00876251

[LEFT_CAM_FHD]
fx=1059.83
fy=1060.07
cx=939.06
cy=537.014
k1=-0.0506197
k2=0.0220633
p1=-0.000654499
p2=0.000524888
k3=-0.00893553

[RIGHT_CAM_FHD]
fx=1065.19
fy=1065.79
cx=967.96
cy=555.787
k1=-0.0512127
k2=0.0218638
p1=-0.000317253
p2=6.27145e-05
k3=-0.00876251

[LEFT_CAM_HD]
fx=529.915
fy=530.035
cx=628.03
cy=357.007
k1=-0.0506197
k2=0.0220633
p1=-0.000654499
p2=0.000524888
k3=-0.00893553

[RIGHT_CAM_HD]
fx=532.595
fy=532.895
cx=642.48
cy=366.3935
k1=-0.0512127
k2=0.0218638
p1=-0.000317253
p2=6.27145e-05
k3=-0.00876251

[LEFT_CAM_VGA]
fx=264.9575
fy=265.0175
cx=329.515
cy=186.0035
k1=-0.0506197
k2=0.0220633
p1=-0.000654499
p2=0.000524888
k3=-0.00893553

[RIGHT_CAM_VGA]
fx=266.2975
fy=266.4475
cx=336.74
cy=190.69675
k1=-0.0512127
k2=0.0218638
p1=-0.000317253
p2=6.27145e-05
k3=-0.00876251

[LEFT_DISTO]
k1=-1.42065
k2=2.49712
k3=0.100066
k4=-1.33142
k5=2.34523
k6=0.259843
p1=-0.000310645
p2=0.000254321

[RIGHT_DISTO]
k1=-1.26032
k2=2.37547
k3=0.14299
k4=-1.16702
k5=2.22249
k6=0.305305
p1=-0.000201409
p2=0.000220614

[STEREO]
Baseline=119.852
TY=-0.217914
TZ=0.347093
CV_2K=0.00415756
CV_FHD=0.00415756
CV_HD=0.00415756
CV_VGA=0.00415756
RX_2K=0.00227483
RX_FHD=0.00227483
RX_HD=0.00227483
RX_VGA=0.00227483
RZ_2K=0.00262467
RZ_FHD=0.00262467
RZ_HD=0.00262467
RZ_VGA=0.00262467

[MISC]
Sensor_ID=0
